#PATH-POINTS-START Path
-159.71,-29.446,600,135
-158.312,-30.875,600
-156.913,-32.305,600
-155.514,-33.735,600
-154.116,-35.164,600
-152.717,-36.594,600
-151.319,-38.024,600
-149.92,-39.453,600
-148.521,-40.883,600
-147.123,-42.313,600
-145.724,-43.742,600
-144.325,-45.172,600
-142.927,-46.601,600
-141.528,-48.031,600
-140.13,-49.461,600
-138.731,-50.89,600
-137.332,-52.32,600
-135.934,-53.75,600
-134.535,-55.179,600
-133.347,-56.685,600,185
-133.509,-58.678,600
-133.673,-60.672,600
-133.837,-62.665,600
-134.003,-64.658,600
-134.171,-66.651,600
-134.34,-68.644,600
-134.511,-70.637,600
-134.684,-72.629,600
-134.859,-74.621,600
-135.037,-76.613,600
-135.217,-78.605,600
-135.401,-80.597,600
-135.588,-82.588,600
-135.78,-84.579,600
-135.976,-86.569,600
-136.177,-88.559,600
-136.384,-90.548,600
-136.598,-92.537,600
-136.819,-94.525,600
-137.051,-96.511,600
-137.292,-98.497,600
-137.547,-100.48,600
-137.818,-102.462,600
-138.108,-104.441,600
-138.421,-106.416,600
-138.765,-108.386,600
-139.151,-110.349,600
-139.59,-112.299,600
-140.11,-114.231,600
-140.751,-116.125,600
-141.595,-117.935,600
-142.806,-119.517,600
-144.54,-120.47,600
-146.527,-120.59,600
-148.505,-120.303,600
-150.471,-119.934,600
-152.448,-119.633,600
-154.441,-119.478,600
-156.44,-119.498,600,269
-158.439,-119.574,600
-160.436,-119.68,600
-158.53,-119.731,600
-156.53,-119.733,600
-154.53,-119.731,600
-152.53,-119.729,600
-150.53,-119.727,600
-148.53,-119.727,600
-146.53,-119.728,600
-144.53,-119.731,600
-142.53,-119.737,600
-140.53,-119.744,600
-138.53,-119.754,600
-136.53,-119.767,600
-134.53,-119.782,600
-132.53,-119.8,600
-130.53,-119.821,600
-128.53,-119.845,600
-126.53,-119.873,600
-124.531,-119.905,600
-122.531,-119.94,600
-120.531,-119.979,600,90
-118.532,-120.02,600
-116.532,-120.059,600
-114.533,-120.097,600
-112.533,-120.133,600
-110.533,-120.165,600
-108.533,-120.192,600
-106.533,-120.213,600
-104.533,-120.222,600
-102.533,-120.209,600
-100.534,-120.154,600
-98.536,-120.076,600
-96.537,-120.024,600
-94.537,-119.997,600
-92.537,-119.985,600
-90.537,-119.982,600,90
-88.537,-119.98,600
-86.537,-119.974,600
-84.537,-119.963,600
-82.537,-119.943,600
-80.537,-119.909,600
-78.538,-119.86,600
-76.538,-119.81,600
-74.539,-119.778,600
-72.539,-119.759,600
-70.539,-119.75,600
-68.539,-119.747,600
-66.55,-119.589,600,90
-64.74,-118.779,600
-63.566,-117.19,600
-63.175,-115.239,600
-63.299,-113.246,600
-63.733,-111.295,600
-64.377,-109.402,600
-65.186,-107.574,600
-66.144,-105.819,600
-67.263,-104.162,600
-68.624,-102.704,600
-70.312,-102.637,600
-70.52,-104.606,600
-70.154,-103.825,600,13
-69.706,-101.876,600
-69.259,-99.927,600
-68.812,-97.977,600
-68.365,-96.028,600
-67.917,-94.079,600
-67.47,-92.129,600
-67.023,-90.18,600
-66.576,-88.231,600
-66.129,-86.281,600
-65.681,-84.332,600
-65.234,-82.383,600
-64.787,-80.433,600
-64.34,-78.484,600
-63.892,-76.535,600
-63.445,-74.585,600
-62.998,-72.636,600
-62.551,-70.686,600
-62.103,-68.737,600
-61.656,-66.788,600
-61.209,-64.838,600
-60.762,-62.889,600
-60.314,-60.94,600
-59.501,-59.222,600,47
-57.942,-57.97,600
-56.406,-56.689,600
-54.9,-55.373,600
-53.43,-54.017,600
-51.999,-52.62,600
-50.603,-51.188,600
-49.233,-49.73,600
-47.877,-48.26,600
-46.524,-46.787,600
-45.169,-45.317,600
-43.806,-43.853,600
-42.435,-42.397,600
-41.055,-40.95,600
-39.666,-39.51,600
-38.269,-38.079,600
-36.864,-36.655,600
-35.452,-35.239,600
-34.034,-33.829,600
-32.61,-32.424,600
-31.18,-31.026,600
-29.746,-29.632,600
-28.306,-28.244,600
-26.862,-26.86,600
-25.415,-25.48,600
-23.963,-24.104,600
-22.508,-22.732,600,45
-21.068,-21.344,600
-19.676,-19.909,600
-18.358,-18.405,600
-17.177,-16.792,600
-16.332,-14.989,600
-16.776,-13.159,600
-18.638,-12.51,600
-20.635,-12.48,600
-22.624,-12.684,600
-24.597,-13.013,600
-26.554,-13.422,600
-28.499,-13.889,600
-30.433,-14.398,600
-32.358,-14.94,600
-34.275,-15.51,600
-36.185,-16.104,600
-38.088,-16.717,600
-39.987,-17.348,600
-41.88,-17.993,600
-43.768,-18.652,600
-45.652,-19.322,600
-47.532,-20.004,600
-49.409,-20.696,600
-51.282,-21.397,600
-53.152,-22.106,600
-55.019,-22.824,600
-56.883,-23.549,600
-58.744,-24.282,600
-60.602,-25.021,600
-62.458,-25.767,600
-64.31,-26.52,600
-66.161,-27.279,600
-67.714,-27.897,600,270
-69.712,-27.966,600
-71.711,-28.036,600
-73.71,-28.105,600
-75.709,-28.176,600
-77.707,-28.247,600
-79.706,-28.318,600
-81.705,-28.391,600
-83.703,-28.464,600
-85.702,-28.539,600
-87.701,-28.614,600
-89.699,-28.691,600
-91.698,-28.769,600
-93.696,-28.85,600
-95.694,-28.932,600
-97.692,-29.018,600
-99.691,-29.106,600
-101.688,-29.198,600
-103.686,-29.295,600
-105.683,-29.398,600
-107.68,-29.507,600
-109.677,-29.623,600
-111.673,-29.746,600
-113.669,-29.875,600
-115.665,-30.008,600
-117.66,-30.143,600
-119.656,-30.278,600
-121.651,-30.412,600
-123.647,-30.544,600
-125.643,-30.669,600,270
-127.64,-30.774,600
-129.638,-30.854,600
-131.638,-30.909,600
-133.637,-30.938,600
-135.637,-30.939,600
-137.637,-30.912,600
-139.636,-30.858,600
-141.635,-30.776,600
-143.632,-30.669,600
-145.628,-30.539,600
-147.622,-30.393,600
-149.616,-30.234,600
-151.609,-30.071,600
-153.603,-29.911,600
-155.597,-29.762,600
-157.593,-29.633,600
-159.59,-29.529,600
-159.94,-29.513,600,135
-159.94,-29.513,0,135